0 140 139 141 138 137 3
114 115 117 116 120 118 119 4
30 31 29 28 22 24 16 15 23 14 25 26 6
97 98 99 100 101 103 102 104 106 105 5
68 69 70 71 72 73 74 75 76 4
1 1
77 1
135 136 1
32 33 34 35 36 37 38 39 4
8 7 1
44 45 46 2
59 60 61 62 3
42 43 1
131 133 1
3 4 5 6 2
122 123 1
132 124 125 1
85 86 87 88 89 90 91 92 93 94 95 96 4
40 41 1
142 1
134 1
11 12 1
9 10 13 2
47 48 50 51 49 52 53 54 55 56 57 58 121 6
70 71 1
17 18 19 20 21 3
126 127 128 129 130 3
107 108 109 110 111 112 113
63 64 65 66 67 3
78 79 80 81 82 83 84 4

